# disksystem boot sound
ntrack 4
=== bpm 140
3c   4 1 98 , 2a   4 1 98 , 2f  4 1 20 , 6c  4 1 20
3f   4 1 98 , 2a   4 1 98 , 2f 12 1 80 , 6c 12 1 80
3a+  4 1 98 , 3c   4 1 98 , 2f 12 1 80 , 6c 12 1 80
3a  12 1 98 , 3c  12 1 98 , 2f 12 1 80 , 6c 12 1 80
3g  12 1 98 , 2a+ 12 1 98 , 2f  4 1 20 , 6c  4 1 20
3f  12 1 98 , 2a  12 1 98 , 2f  4 1 20 , 6c  4 1 20

3g  12 2 98 , 2a+ 12 2 98 , 2f  4 1 20 , 6c  4 1 20
3g  12 1 98 , 2a+ 12 1 98 , ,
4c   4 1 98 , 3f   4 1 98 , 2f  4 1 20 , 6c  4 1 20
4d+  4 1 98 , 3a+  4 1 98 , 2f  4 1 20 , 6c  4 1 20
4d  12 1 98 , 3a+ 12 1 98 , 2f 12 1 80 , 6c 12 1 80
4c  12 1 98 , 3a  12 1 98 , 2f 12 1 80 , 6c 12 1 80
3a+ 12 1 98 , 3g  12 1 98 , 2f 12 1 80 , 6c 12 1 80

4c   4 1 98 , 3a   4 1 98 , 2f  4 1 20 , 6c  4 1 20
3a   4 1 98 , 3c   4 1 98 , 2f  4 1 20 , 6c  4 1 20
3a+  4 1 98 , 3d   4 1 98 , 2f  4 1 20 , 6c  4 1 20
3f  12 2 98 , 2a  12 2 98 , 2f  4 1 20 , 6c  4 1 20
3d  12 1 98 , 2a+ 12 1 98 , ,

3f 4 3 , 2a 4 3 , 2f  4 1 20 , 6c  4 1 20
       ,        , 2f 12 1 80 , 6c 12 1 80
       ,        , 2f 12 1 80 , 6c 12 1 80
       ,        , 2f 12 1 80 , 6c 12 1 80
       ,        , 2f  4 1 20 , 6c  4 1 20
