# frog song
ntrack 2
=== bpm 120
3d 4 1 90   , x 4 8
3e 4 1 90
3f+ 4 1 90
3g 4 1 90
3f+ 4 1 90
3e 4 1 90
3d 4 1 100
x 4 1

3f+ 4 1 90  , 3d 4 1 90
3g 4 1 90   , 3e 4 1 90
3a 4 1 90   , 3f+ 4 1 90
3b 4 1 90   , 3g 4 1 90
3a 4 1 90   , 3f+ 4 1 90
3g 4 1 90   , 3e 4 1 90
3f+ 4 1 100 , 3d 4 1 100
x 4 1       , x 4 1

3d 4 1      , 3f+ 4 1 90
x 4 1       , 3g 4 1 90
3d 4 1      , 3a 4 1 90
x 4 1       , 3b 4 1 90
3d 4 1      , 3a 4 1 90
x 4 1       , 3g 4 1 90
3d 4 1      , 3f+ 4 1 100
x 4 1       , x 4 1

3d 8 1 50   , 3d 4 1
3d 8 1 50   , x 4 1
3e 8 1 50   , 3d 4 1
3e 8 1 50   , x 4 1
3f+ 8 1 50  , 3d 4 1
3f+ 8 1 50  , x 4 1
3g 8 1 50   , 3d 4 1
3g 8 1 50   , x 4 1
3f+ 4 1 50  ,
3e 4 1 50   ,
3d 4 2      ,

, 3d 8 1 50
, 3d 8 1 50
, 3e 8 1 50
, 3e 8 1 50
, 3f+ 8 1 50
, 3f+ 8 1 50
, 3g 8 1 50
, 3g 8 1 50
, 3f+ 4 1 50
, 3e 4 1 50
, 3d 4 2
