# ohuro battle #2,,,,,,,
ntrack 8,,,,,,,
track 8 mode=noise,,,,,,,
,,,,,,,
@ bpm 170,,,,,,,
x 4 4,x 4 4,x 4 4,2g 8 1 80,x 4 4,x 4 4,x 4 4,x 4 6
,,,2g 8 1 80,,,,5c 16 1 50
,,,2g 8 1 80,,,,5c 16 1 50
,,,2g 8 1 80,,,,5c 16 1 50
,,,2g 8 1 80,,,,5c 16 1 50
,,,2g 8 1 80,,,,5c 16 1 50
,,,2f 8 1 80,,,,5c 16 1 50
,,,2f 8 1 80,,,,5c 16 1 50
x 4 3,x 4 2,x 4 4,2g 8 1 80,x 4 4,x 4 4,x 4 4,5c 16 1 50
,2g 16 1,,2g 8 1 80,,,,
,2a 16 1,,2g 8 1 80,,,,
,2b 16 1,,2g 8 1 80,,,,
,3c 16 1,,2g 8 1 80,,,,
,3d 16 1,,2g 8 1 80,,,,
4g 8 1,3e 16 1,,2f 8 1 80,,,,
4f 8 1,3f 16 1,,2f 8 1 80,,,,
,3f+ 16 1,,,,,,
,,,,,,,
,,,,,,,
4d+ 4 1,2g 4 1,x 4 4,2c 8 1 50,3c 8 1 50,,,5c 8 1 30
4g 8 1,3g 4 1,,2d+ 8 1 50,3c 8 1 50,,,5c 16 1 30
5c 8 1,3f+ 4 3,,2c 8 1 50,2g 8 1 50,,,5c 16 1 30
4b 4 1,,,2d+ 8 1 50,2g 8 1 50,,,5c 8 1 90
4g 8 1,,,2d 8 1 50,3d 8 1 50,,,5c 16 1 30
5d 8 1,,,2f 8 1 50,3d 8 1 50,,,5c 16 1 30
,,,2d 8 1 50,2a 8 1 50,,,5c 8 1 30
,,,2f 8 1 50,2a 8 1 50,,,5c 16 1 30
,,,,,,,5c 16 1 30
,,,,,,,5c 8 1 90
,,,,,,,5c 16 1 30
,,,,,,,5c 16 1 30
,,,,,,,
5c 4 1,,x 4 4,2d+ 8 1 50,3d+ 8 1 50,,,5c 8 1 30
5d+ 8 3,,,2g 8 1 50,3d+ 8 1 50,,,5c 16 1 30
x 8 1,3d 8 1,,2d+ 8 1 50,2a+ 8 1 50,,,5c 16 1 30
5c 8 1,3d+ 8 1,,2g 8 1 50,2a+ 8 1 50,,,5c 8 1 90
4a+ 8 1,3f 4 1,,2d+ 8 1 50,3d+ 8 1 50,,,5c 16 1 30
,3d+ 8 1,,2g 8 1 50,3d+ 8 1 50,,,5c 16 1 30
,3d 8 1,,2d+ 8 1 50,2a+ 8 1 50,,,5c 8 1 30
,,,2g 8 1 50,2a+ 8 1 50,,,5c 16 1 30
,,,,,,,5c 16 1 30
,,,,,,,5c 8 1 90
,,,,,,,5c 16 1 30
,,,,,,,5c 16 1 30
,,,,,,,
4g+ 4 1,3d+ 8 1,x 4 4,2f 8 1 50,3f 8 1 50,,,5c 8 1 30
5f 8 1,3c 8 7,,2g+ 8 1 50,3f 8 1 50,,,5c 16 1 30
5d 8 1,,,2f 8 1 50,3c 8 1 50,,,5c 16 1 30
5c 4 1,,,2g+ 8 1 50,3c 8 1 50,,,5c 8 1 90
4b 4 1,,,2c 8 1 50,3g 8 1 50,,,5c 16 1 30
,,,2g 8 1 50,3g 8 1 50,,,5c 16 1 30
,,,1g 8 1 50,3c 8 1 50,,,5c 8 1 30
,,,2d 8 1 50,3c 8 1 50,,,5c 16 1 30
,,,,,,,5c 16 1 30
,,,,,,,5c 8 1 90
,,,,,,,5c 16 1 30
,,,,,,,5c 16 1 30
,,,,,,,
5c 4 2,3c 4 1,x 4 4,2c 8 1 50,3c 8 1 50,,,5c 8 1 30
x 4 1,3d 4 1,,2d+ 8 1 50,3c 8 1 50,,,5c 16 1 30
4g 8 1,3d+ 4 1,,2c 8 1 50,2g 8 1 50,,,5c 16 1 30
4f 8 1,3a+ 4 1,,2d+ 8 1 50,2g 8 1 50,,,5c 8 1 90
,,,2c 8 1 50,3c 8 1 50,,,5c 16 1 30
,,,2d+ 8 1 50,3c 8 1 50,,,5c 16 1 30
,,,2c 8 1 50,2g 8 1 50,,,5c 8 1 30
,,,2d+ 8 1 50,2g 8 1 50,,,5c 16 1 30
,,,,,,,5c 16 1 30
,,,,,,,5c 8 1 90
,,,,,,,5c 16 1 30
,,,,,,,5c 16 1 30
,,,,,,,
4d+ 4 1,3a 4 4 99,x 4 4,2c 8 1 50,3c 8 1 50,,,5c 8 1 30
4g 8 1,,,2d+ 8 1 50,3c 8 1 50,,,5c 16 1 30
5c 8 1,,,2c 8 1 50,2g 8 1 50,,,5c 16 1 30
4b 4 1,,,2d+ 8 1 50,2g 8 1 50,,,5c 8 1 90
4g 8 1,,,2d 8 1 50,3d 8 1 50,,,5c 16 1 30
5d 8 1,,,2f 8 1 50,3d 8 1 50,,,5c 16 1 30
,,,2d 8 1 50,2a 8 1 50,,,5c 8 1 30
,,,2f 8 1 50,2a 8 1 50,,,5c 16 1 30
,,,,,,,5c 16 1 30
,,,,,,,5c 8 1 90
,,,,,,,5c 16 1 30
,,,,,,,5c 16 1 30
,,,,,,,
5c 4 1,3a 4 4 99,x 4 4,2d+ 8 1 50,3d+ 8 1 50,,,5c 8 1 30
5d+ 8 3,,,2g 8 1 50,3d+ 8 1 50,,,5c 16 1 30
x 8 1,,,2d+ 8 1 50,2a+ 8 1 50,,,5c 16 1 30
5c 8 1,,,2g 8 1 50,2a+ 8 1 50,,,5c 8 1 90
4a+ 8 1,,,2d+ 8 1 50,3d+ 8 1 50,,,5c 16 1 30
,,,2g 8 1 50,3d+ 8 1 50,,,5c 16 1 30
,,,2d+ 8 1 50,2a+ 8 1 50,,,5c 8 1 30
,,,2g 8 1 50,2a+ 8 1 50,,,5c 16 1 30
,,,,,,,5c 16 1 30
,,,,,,,5c 8 1 90
,,,,,,,5c 16 1 30
,,,,,,,5c 16 1 30
,,,,,,,
4g+ 4 1,3a 4 4 99,x 4 4,2f 8 1 50,3f 8 1 50,,,5c 8 1 30
5f 8 1,,,2g+ 8 1 50,3f 8 1 50,,,5c 16 1 30
5d 8 1,,,2f 8 1 50,3c 8 1 50,,,5c 16 1 30
5c 4 1,,,2g+ 8 1 50,3c 8 1 50,,,5c 8 1 90
4b 4 1,,,2c 8 1 50,3g 8 1 50,,,5c 16 1 30
,,,2g 8 1 50,3g 8 1 50,,,5c 16 1 30
,,,1g 8 1 50,3c 8 1 50,,,5c 8 1 30
,,,2d 8 1 50,3c 8 1 50,,,5c 16 1 30
,,,,,,,5c 16 1 30
,,,,,,,5c 8 1 90
,,,,,,,5c 16 1 30
,,,,,,,5c 16 1 30
,,,,,,,
5c 4 2,3a 8 5,x 4 4,2c 8 1 50,3c 8 1 50,,,5c 8 1 30
x 4 2,,,2d+ 8 1 50,3c 8 1 50,,,5c 16 1 30
,,,2c 8 1 50,2g 8 1 50,,,5c 16 1 30
,,,2d+ 8 1 50,2g 8 1 50,,,5c 8 1 90
,,,2c 8 1 50,3c 8 1 50,,,5c 16 1 30
,3f+ 8 1,,2d+ 8 1 50,3c 8 1 50,,,5c 16 1 30
,3g 8 1,,2c 8 1 50,2g 8 1 50,,,5c 8 1 30
,3d+ 8 1,,2d+ 8 1 50,2g 8 1 50,,,5c 16 1 30
,,,,,,,5c 16 1 30
,,,,,,,5c 8 1 90
,,,,,,,5c 16 1 30
,,,,,,,5c 16 1 30
,,,,,,,
x 4 4,3d 8 1,x 4 4,2c 8 1 50,3c 8 1 50,,,5c 8 1 30
,3c 8 1,,2d+ 8 1 50,3c 8 1 50,,,5c 16 1 30
,,,2c 8 1 50,2g 8 1 50,,,5c 16 1 30
,x 4 3,,2d+ 8 1 50,2g 8 1 50,,,5c 8 1 90
,,,2c 8 1 50,3c 8 1 50,,,5c 16 1 30
,,,2d+ 8 1 50,3c 8 1 50,,,5c 16 1 30
,,,2c 8 1 50,2g 8 1 50,,,5c 8 1 30
,,,2d+ 8 1 50,2g 8 1 50,,,5c 16 1 30
,,,,,,,5c 16 1 30
,,,,,,,5c 8 1 90
,,,,,,,5c 16 1 30
,,,,,,,5c 16 1 30
,,,,,,,
x 4 4,x 4 4,x 4 4,2c 8 1 50,3c 8 1 50,,,5c 8 1 30
,,,2d+ 8 1 50,3c 8 1 50,,,5c 16 1 30
,,,2c 8 1 50,2g 8 1 50,,,5c 16 1 30
,,,2d+ 8 1 50,2g 8 1 50,,,5c 8 1 90
,,,2c 8 1 50,3c 8 1 50,,,5c 16 1 30
,,,2d+ 8 1 50,3c 8 1 50,,,5c 16 1 30
,,,2c 8 1 50,2g 8 1 50,,,5c 8 1 30
,,,2d+ 8 1 50,2g 8 1 50,,,5c 16 1 30
,,,,,,,5c 16 1 30
,,,,,,,5c 8 1 90
,,,,,,,5c 16 1 30
,,,,,,,5c 16 1 30
,,,,,,,
x 4 4,3c 4 1,x 4 4,2c 8 1 50,3c 8 1 50,,,5c 8 1 30
,,,2d+ 8 1 50,3c 8 1 50,,,5c 16 1 30
,2b 8 1,,2c 8 1 50,2g 8 1 50,,,5c 16 1 30
,3c 8 1,,2d+ 8 1 50,2g 8 1 50,,,5c 8 1 90
,3d 4 1,,2c 8 1 50,3c 8 1 50,,,5c 16 1 30
,,,2d+ 8 1 50,3c 8 1 50,,,5c 16 1 30
,3c 8 1,,2c 8 1 50,2g 8 1 50,,,5c 8 1 30
,3d 8 1,,2d+ 8 1 50,2g 8 1 50,,,5c 16 1 30
,,,,,,,5c 16 1 30
,,,,,,,5c 8 1 90
,,,,,,,5c 16 1 30
,,,,,,,5c 16 1 30
,,,,,,,
x 4 3,3d+ 4 1,x 4 4,2c 8 1 50,3c 8 1 50,,,5c 8 1 30
,,,2d+ 8 1 50,3c 8 1 50,,,5c 16 1 30
,3d 8 1,,2c 8 1 50,2g 8 1 50,,,5c 16 1 30
,3d+ 8 1,,2d+ 8 1 50,2g 8 1 50,,,5c 8 1 90
,3f 4 1,,2c 8 1 50,3c 8 1 50,,,5c 16 1 30
,,,2d+ 8 1 50,3c 8 1 50,,,5c 16 1 30
4g 8 1,3d+ 8 1,,2c 8 1 50,2g 8 1 50,,,5c 8 1 30
4f 8 1,3f 8 1,,2d+ 8 1 50,2g 8 1 50,,,5c 16 1 30
,,,,,,,5c 16 1 30
,,,,,,,5c 8 1 90
,,,,,,,5c 16 1 30
,,,,,,,5c 16 1 30
,,,,,,,
4d+ 4 1,2g 4 1,x 4 4,2c 8 1 50,3c 8 1 50,,,5c 8 1 30
4g 8 1,3g 4 1,,2d+ 8 1 50,3c 8 1 50,,,5c 16 1 30
5c 8 1,3f+ 4 3,,2c 8 1 50,2g 8 1 50,,,5c 16 1 30
4b 4 1,,,2d+ 8 1 50,2g 8 1 50,,,5c 8 1 90
4g 8 1,,,2d 8 1 50,3d 8 1 50,,,5c 16 1 30
5d 8 1,,,2f 8 1 50,3d 8 1 50,,,5c 16 1 30
,,,2d 8 1 50,2a 8 1 50,,,5c 8 1 30
,,,2f 8 1 50,2a 8 1 50,,,5c 16 1 30
,,,,,,,5c 16 1 30
,,,,,,,5c 8 1 90
,,,,,,,5c 16 1 30
,,,,,,,5c 16 1 30
,,,,,,,
5c 4 1,,x 4 4,2d+ 8 1 50,3d+ 8 1 50,,,5c 8 1 30
5d+ 8 3,,,2g 8 1 50,3d+ 8 1 50,,,5c 16 1 30
x 8 1,3d 8 1,,2d+ 8 1 50,2a+ 8 1 50,,,5c 16 1 30
5c 8 1,3d+ 8 1,,2g 8 1 50,2a+ 8 1 50,,,5c 8 1 90
4a+ 8 1,3f 4 1,,2d+ 8 1 50,3d+ 8 1 50,,,5c 16 1 30
,3d+ 8 1,,2g 8 1 50,3d+ 8 1 50,,,5c 16 1 30
,3d 8 1,,2d+ 8 1 50,2a+ 8 1 50,,,5c 8 1 30
,,,2g 8 1 50,2a+ 8 1 50,,,5c 16 1 30
,,,,,,,5c 16 1 30
,,,,,,,5c 8 1 90
,,,,,,,5c 16 1 30
,,,,,,,5c 16 1 30
,,,,,,,
4g+ 4 1,3d+ 8 1,x 4 4,2f 8 1 50,3f 8 1 50,,,5c 8 1 30
5f 8 1,3c 8 7,,2g+ 8 1 50,3f 8 1 50,,,5c 16 1 30
5d 8 1,,,2f 8 1 50,3c 8 1 50,,,5c 16 1 30
5c 4 1,,,2g+ 8 1 50,3c 8 1 50,,,5c 8 1 90
4b 4 1,,,2c 8 1 50,3g 8 1 50,,,5c 16 1 30
,,,2g 8 1 50,3g 8 1 50,,,5c 16 1 30
,,,1g 8 1 50,3c 8 1 50,,,5c 8 1 30
,,,2d 8 1 50,3c 8 1 50,,,5c 16 1 30
,,,,,,,5c 16 1 30
,,,,,,,5c 8 1 90
,,,,,,,5c 16 1 30
,,,,,,,5c 16 1 30
,,,,,,,
5c 4 2,3c 4 1,x 4 4,2c 8 1 50,3c 8 1 50,,,5c 8 1 30
x 4 1,3d 4 1,,2d+ 8 1 50,3c 8 1 50,,,5c 16 1 30
4g 8 1,3d+ 4 1,,2c 8 1 50,2g 8 1 50,,,5c 16 1 30
4f 8 1,3a+ 4 1,,2d+ 8 1 50,2g 8 1 50,,,5c 8 1 90
,,,2c 8 1 50,3c 8 1 50,,,5c 16 1 30
,,,2d+ 8 1 50,3c 8 1 50,,,5c 16 1 30
,,,2c 8 1 50,2g 8 1 50,,,5c 8 1 30
,,,2d+ 8 1 50,2g 8 1 50,,,5c 16 1 30
,,,,,,,5c 16 1 30
,,,,,,,5c 8 1 90
,,,,,,,5c 16 1 30
,,,,,,,5c 16 1 30
,,,,,,,
4d+ 4 1,3a 4 4 99,x 4 4,2c 8 1 50,3c 8 1 50,,,5c 8 1 30
4g 8 1,,,2d+ 8 1 50,3c 8 1 50,,,5c 16 1 30
5c 8 1,,,2c 8 1 50,2g 8 1 50,,,5c 16 1 30
4b 4 1,,,2d+ 8 1 50,2g 8 1 50,,,5c 8 1 90
4g 8 1,,,2d 8 1 50,3d 8 1 50,,,5c 16 1 30
5d 8 1,,,2f 8 1 50,3d 8 1 50,,,5c 16 1 30
,,,2d 8 1 50,2a 8 1 50,,,5c 8 1 30
,,,2f 8 1 50,2a 8 1 50,,,5c 16 1 30
,,,,,,,5c 16 1 30
,,,,,,,5c 8 1 90
,,,,,,,5c 16 1 30
,,,,,,,5c 16 1 30
,,,,,,,
5c 4 1,3a 4 4 99,x 4 4,2d+ 8 1 50,3d+ 8 1 50,,,5c 8 1 30
5d+ 8 3,,,2g 8 1 50,3d+ 8 1 50,,,5c 16 1 30
x 8 1,,,2d+ 8 1 50,2a+ 8 1 50,,,5c 16 1 30
5c 8 1,,,2g 8 1 50,2a+ 8 1 50,,,5c 8 1 90
4a+ 8 1,,,2d+ 8 1 50,3d+ 8 1 50,,,5c 16 1 30
,,,2g 8 1 50,3d+ 8 1 50,,,5c 16 1 30
,,,2d+ 8 1 50,2a+ 8 1 50,,,5c 8 1 30
,,,2g 8 1 50,2a+ 8 1 50,,,5c 16 1 30
,,,,,,,5c 16 1 30
,,,,,,,5c 8 1 90
,,,,,,,5c 16 1 30
,,,,,,,5c 16 1 30
,,,,,,,
4g+ 4 1,3a 4 4 99,x 4 4,2f 8 1 50,3f 8 1 50,,,5c 8 1 30
5f 8 1,,,2g+ 8 1 50,3f 8 1 50,,,5c 16 1 30
5d 8 1,,,2f 8 1 50,3c 8 1 50,,,5c 16 1 30
5c 4 1,,,2g+ 8 1 50,3c 8 1 50,,,5c 8 1 90
4b 4 1,,,2c 8 1 50,3g 8 1 50,,,5c 16 1 30
,,,2g 8 1 50,3g 8 1 50,,,5c 16 1 30
,,,1g 8 1 50,3c 8 1 50,,,5c 8 1 30
,,,2d 8 1 50,3c 8 1 50,,,5c 16 1 30
,,,,,,,5c 16 1 30
,,,,,,,5c 8 1 90
,,,,,,,5c 16 1 30
,,,,,,,5c 16 1 30
,,,,,,,
5c 4 2,3a 8 5,x 4 4,2c 8 1 50,3c 8 1 50,,,5c 8 1 30
x 4 2,,,2d+ 8 1 50,3c 8 1 50,,,5c 16 1 30
,,,2c 8 1 50,2g 8 1 50,,,5c 16 1 30
,,,2d+ 8 1 50,2g 8 1 50,,,5c 8 1 90
,,,2c 8 1 50,3c 8 1 50,,,5c 16 1 30
,3f+ 8 1,,2d+ 8 1 50,3c 8 1 50,,,5c 16 1 30
,3g 8 1,,2c 8 1 50,2g 8 1 50,,,5c 8 1 30
,3d+ 8 1,,2d+ 8 1 50,2g 8 1 50,,,5c 16 1 30
,,,,,,,5c 16 1 30
,,,,,,,5c 8 1 90
,,,,,,,5c 16 1 30
,,,,,,,5c 16 1 30
,,,,,,,
x 4 4,3d 8 1,x 4 4,2c 8 1 50,3c 8 1 50,,,5c 8 1 30
,3c 8 1,,2d+ 8 1 50,3c 8 1 50,,,5c 16 1 30
,,,2c 8 1 50,2g 8 1 50,,,5c 16 1 30
,x 4 3,,2d+ 8 1 50,2g 8 1 50,,,5c 8 1 90
,,,2c 8 1 50,3c 8 1 50,,,5c 16 1 30
,,,2d+ 8 1 50,3c 8 1 50,,,5c 16 1 30
,,,2c 8 1 50,2g 8 1 50,,,5c 8 1 30
,,,2d+ 8 1 50,2g 8 1 50,,,5c 16 1 30
,,,,,,,5c 16 1 30
,,,,,,,5c 8 1 90
,,,,,,,5c 16 1 30
,,,,,,,5c 16 1 30
,,,,,,,
x 4 4,x 4 4,x 4 4,2c 8 1 50,3c 8 1 50,,,5c 8 1 30
,,,2d+ 8 1 50,3c 8 1 50,,,5c 16 1 30
,,,2c 8 1 50,2g 8 1 50,,,5c 16 1 30
,,,2d+ 8 1 50,2g 8 1 50,,,5c 8 1 90
,,,2c 8 1 50,3c 8 1 50,,,5c 16 1 30
,,,2d+ 8 1 50,3c 8 1 50,,,5c 16 1 30
,,,2c 8 1 50,2g 8 1 50,,,5c 8 1 30
,,,2d+ 8 1 50,2g 8 1 50,,,5c 16 1 30
,,,,,,,5c 16 1 30
,,,,,,,5c 8 1 90
,,,,,,,5c 16 1 30
,,,,,,,5c 16 1 30
,,,,,,,
x 4 4,3c 4 1,x 4 4,2c 8 1 50,3c 8 1 50,,,5c 8 1 30
,,,2d+ 8 1 50,3c 8 1 50,,,5c 16 1 30
,2b 8 1,,2c 8 1 50,2g 8 1 50,,,5c 16 1 30
,3c 8 1,,2d+ 8 1 50,2g 8 1 50,,,5c 8 1 90
,3d 4 1,,2c 8 1 50,3c 8 1 50,,,5c 16 1 30
,,,2d+ 8 1 50,3c 8 1 50,,,5c 16 1 30
,3c 8 1,,2c 8 1 50,2g 8 1 50,,,5c 8 1 30
,3d 8 1,,2d+ 8 1 50,2g 8 1 50,,,5c 16 1 30
,,,,,,,5c 16 1 30
,,,,,,,5c 8 1 90
,,,,,,,5c 16 1 30
,,,,,,,5c 16 1 30
,,,,,,,
x 4 4,3d+ 4 1,x 4 2,2c 8 1 50,3c 8 1 50,,,5c 8 1 30
,,,2d+ 8 1 50,3c 8 1 50,,,5c 16 1 30
,3d 8 1,3d+ 16 1,2c 8 1 50,2g 8 1 50,,,5c 16 1 30
,3d+ 8 1,3f 16 1,2d+ 8 1 50,2g 8 1 50,,,5c 8 1 90
,3f 4 1,3g 16 1,2c 8 1 50,3c 8 1 50,,,5c 16 1 30
,,3g+ 16 1,2d+ 8 1 50,3c 8 1 50,,,5c 16 1 30
,3d+ 8 1,3a+ 16 1,2c 8 1 50,2g 8 1 50,,,5c 8 1 30
,3f 8 1,4c 16 1,2d+ 8 1 50,2g 8 1 50,,,5c 16 1 30
,,4d 16 1,,,,,5c 16 1 30
,,4d+ 16 1,,,,,5c 8 1 90
,,,,,,,5c 16 1 30
,,,,,,,5c 16 1 30
